1720624858977,3.380000114440918
1720624872170,5.154337406158447
1720624882163,0.8543571829795837
1720624892197,1.4365770816802979
1720624902230,9.399081230163574
1720624912251,0.0008386709960177541
1720624922262,0.0007156574865803123
1720624928959,2.4800000190734863
1720624932207,32.917789459228516
1720624942153,0.0
1720624945958,2.4200000762939453
1720624951957,2.4000000953674316
1720624956957,2.4100000858306885
1720624961959,2.390000104904175
1720624966958,2.380000114440918
1720624972958,2.559999942779541
1720624978956,2.5899999141693115
1720624984956,2.609999895095825
1720624997957,2.5899999141693115
1720625002957,2.549999952316284
1720625007956,2.5799999237060547
1720625016958,2.5999999046325684
1720625022956,2.4883601665496826
1720625031955,2.5799999237060547
1720625037955,2.5999999046325684
1720625052259,6.666217803955078
1720625058956,2.509999990463257
1720625067956,2.5399999618530273
1720625077957,2.549999952316284
1720625082956,2.569999933242798
1720625087958,2.609999895095825
1720625092956,2.5799999237060547
1720625097956,2.5999999046325684
1720625102959,2.609999895095825
1720625107954,2.619999885559082
1720625117957,2.5999999046325684
1720625123959,2.630000114440918
1720625128953,2.6500000953674316
1720625134957,2.6500000953674316
1720625139956,2.6500000953674316
1720625144957,2.7100000381469727
1720625149977,2.740000009536743
1720625154955,2.7200000286102295
1720625164957,2.7300000190734863
1720625169959,2.7200000286102295
1720625177959,2.690000057220459
1720625182960,2.700000047683716
1720625187962,2.700000047683716
1720625192961,2.640000104904175
1720625197959,2.640000104904175
1720625202962,2.630000114440918
1720625208957,2.630000114440918
1720625217958,2.5999999046325684
1720625222958,2.619999885559082
1720625227955,2.6500000953674316
1720625233955,2.6600000858306885
1720625238954,2.690000057220459
1720625245959,2.690000057220459
1720625257958,2.6700000762939453
1720625262959,2.700000047683716
1720625271956,2.690000057220459
1720625276955,2.7300000190734863
1720625282956,2.7200000286102295
1720625293959,2.7300000190734863
1720625298957,2.7100000381469727
1720625303957,2.75
1720625308955,2.809999942779541
1720625317955,2.799999952316284
1720625323955,2.7799999713897705
1720625331960,2.7799999713897705
1720625337961,2.7899999618530273
1720625347955,2.799999952316284
1720625357955,2.809999942779541
1720625362957,2.7799999713897705
1720625367958,2.819999933242798
1720625372956,2.799999952316284
1720625377955,2.7899999618530273
1720625383955,2.8299999237060547
1720625392956,2.869999885559082
1720625397958,2.8499999046325684
1720625403956,2.819999933242798
1720625411958,2.7799999713897705
1720625417956,2.809999942779541
1720625426954,2.8499999046325684
1720625431955,2.8399999141693115
1720625437955,2.8399999141693115
1720625446953,2.9000000953674316
1720625451956,2.859999895095825
1720625456954,2.869999885559082
1720625461956,2.869999885559082
1720625466956,2.859999895095825
1720625471959,2.859999895095825
1720625480958,2.869999885559082
1720625486954,2.8299999237060547
1720625495956,2.8399999141693115
1720625500958,2.859999895095825
1720625505956,2.859999895095825
1720625510957,2.869999885559082
1720625515955,2.890000104904175
1720625520956,2.8399999141693115
1720625525956,2.890000104904175
1720625531956,2.859999895095825
1720625541959,2.890000104904175
1720625546957,2.890000104904175
1720625562422,0.948724627494812
1720625562957,2.859999895095825
1720625568958,2.759999990463257
1720625573960,2.759999990463257
1720625588954,2.7799999713897705
1720625593961,2.7799999713897705
1720625602960,2.8299999237060547
1720625607956,2.8299999237060547
1720625612959,2.8299999237060547
1720625617955,2.809999942779541
1720625623960,2.819999933242798
1720625632956,2.8399999141693115
1720625641959,2.7799999713897705
1720625646958,2.759999990463257
1720625651957,2.7300000190734863
1720625656956,2.7200000286102295
1720625661959,2.740000009536743
1720625667957,2.759999990463257
1720625672961,2.7699999809265137
1720625682959,2.7300000190734863
1720625687955,2.6700000762939453
1720625692959,2.640000104904175
1720625697958,2.680000066757202
1720625702956,2.7200000286102295
1720625707957,2.740000009536743
1720625714959,2.7200000286102295
1720625719955,2.7200000286102295
1720625728957,2.759999990463257
1720625733957,2.759999990463257
1720625738956,2.6600000858306885
1720625743959,1.7400000095367432
1720625751956,1.3300000429153442
1720625757959,0.5699999928474426
1720625762953,0.3499999940395355
