1720622412224,0.0
1720622422173,0.0
1720622424968,0.0
1720622429964,0.0
1720622438964,0.0
1720622444960,0.0
1720622449960,0.0
1720622454961,4.829999923706055
1720622463963,2.4600000381469727
1720622468960,2.680000066757202
1720622477962,2.690000057220459
1720622482966,2.7300000190734863
1720622488962,2.6600000858306885
1720622493964,2.609999895095825
1720622498966,2.5399999618530273
1720622503963,2.5
1720622508959,2.509999990463257
1720622513965,2.5799999237060547
1720622524959,3.1007981300354004
1720622533964,2.5799999237060547
1720622539962,0.8325589299201965
1720622545964,2.490000009536743
1720622562177,7.480022430419922
1720622563964,2.509999990463257
1720622574962,2.5399999618530273
1720622579964,2.5799999237060547
1720622588965,2.5299999713897705
1720622594962,2.5299999713897705
1720622603963,2.569999933242798
1720622613960,2.7699999809265137
1720622622963,2.8299999237060547
1720622627962,2.799999952316284
1720622632963,2.799999952316284
1720622637961,2.7899999618530273
1720622642963,2.7799999713897705
1720622648960,2.759999990463257
1720622653963,2.7300000190734863
1720622658968,2.7200000286102295
1720622663965,2.7200000286102295
1720622673964,2.7300000190734863
1720622678961,2.7200000286102295
1720622683962,2.7799999713897705
1720622689961,2.7300000190734863
1720622702290,4.310225963592529
1720622712288,3.548689603805542
1720622727961,4.048128604888916
1720622733963,2.6700000762939453
1720622738959,2.7200000286102295
1720622748970,2.6700000762939453
1720622758962,2.6700000762939453
1720622768964,2.6700000762939453
1720622774964,2.619999885559082
1720622779963,2.619999885559082
1720622787963,2.6700000762939453
1720622792961,2.75
1720622797964,2.7100000381469727
1720622802965,2.7300000190734863
1720622808960,2.740000009536743
1720622813964,2.7200000286102295
1720622818968,2.7100000381469727
1720622823964,2.700000047683716
1720622828966,2.640000104904175
1720622833963,2.6600000858306885
1720622838959,2.6600000858306885
1720622852413,1.785820484161377
1720622857960,2.6600000858306885
1720622872351,1.5828443765640259
1720622882353,0.6967359185218811
1720622892386,7.7283735275268555
1720622902320,0.0
1720622903961,2.609999895095825
1720622923961,2.5799999237060547
1720622938960,2.559999942779541
1720622943962,2.5899999141693115
1720622952959,2.549999952316284
1720622961962,2.5999999046325684
1720622966964,2.609999895095825
1720622971961,2.5899999141693115
1720622976964,2.609999895095825
1720622982961,2.5999999046325684
1720622992962,2.619999885559082
1720622997959,2.630000114440918
1720623012513,7.2353105545043945
1720623013961,2.5899999141693115
1720623031961,2.5
1720623042422,7.746695518493652
1720623046961,2.640000104904175
1720623059960,2.5399999618530273
1720623065963,2.569999933242798
1720623070962,2.549999952316284
1720623075962,2.4600000381469727
1720623080962,2.4700000286102295
1720623085965,2.4600000381469727
1720623090965,2.4700000286102295
1720623095963,2.4800000190734863
1720623100962,2.4800000190734863
1720623105959,2.5199999809265137
1720623110961,2.4800000190734863
1720623116959,2.4700000286102295
1720623122959,2.5
1720623128959,2.4200000762939453
1720623133958,1.649999976158142
1720623138961,1.4700000286102295
1720623148960,2.490000009536743
1720623153965,2.4600000381469727
1720623158962,2.4000000953674316
1720623172471,6.491518497467041
1720623178960,2.4600000381469727
1720623185964,2.369999885559082
1720623194962,1.5700000524520874
1720623199962,2.380000114440918
1720623204962,2.369999885559082
1720623209960,2.4100000858306885
1720623214961,2.4100000858306885
1720623219961,2.4200000762939453
1720623224961,2.380000114440918
1720623230962,2.3299999237060547
1720623235960,2.359999895095825
1720623246967,2.380000114440918
1720623255960,2.3399999141693115
1720623261962,2.309999942779541
1720623269962,2.2899999618530273
1720623275958,1.800077199935913
1720623280961,2.2899999618530273
1720623289962,2.259999990463257
1720623294967,2.25
1720623299963,2.25
1720623304963,2.259999990463257
1720623309964,2.259999990463257
1720623314966,2.2699999809265137
1720623319961,2.2799999713897705
1720623324964,1.3899999856948853
1720623329963,1.3700000047683716
1720623334962,1.3200000524520874
1720623339965,1.940000057220459
1720623344962,1.190000057220459
1720623349962,1.2300000190734863
1720623354965,1.2400000095367432
1720623359965,2.119999885559082
1720623369966,1.3200000524520874
1720623374964,1.2999999523162842
1720623383968,1.1299999952316284
1720623389969,1.3200000524520874
1720623394965,1.2999999523162842
1720623399970,1.2799999713897705
1720623404963,1.2899999618530273
1720623409969,1.2799999713897705
1720623414969,0.0
1720623419962,0.1899999976158142
