1720623611303,0.0
1720623613962,1.0499999523162842
1720623621963,0.0
1720623627962,0.0
1720623632961,0.0
1720623641959,0.0
1720623646960,0.0
1720623652961,0.0
1720623657958,2.380000114440918
1720623666960,2.380000114440918
1720623671961,2.5
1720623677959,2.640000104904175
1720623683959,2.680000066757202
1720623692959,2.799999952316284
1720623697959,2.630000114440918
1720623702958,2.569999933242798
1720623707959,2.5799999237060547
1720623717960,2.509999990463257
1720623722958,2.490000009536743
1720623732960,2.4800000190734863
1720623737961,2.440000057220459
1720623742960,2.380000114440918
1720623747960,2.380000114440918
1720623752959,2.359999895095825
1720623758958,2.319999933242798
1720623770959,2.3499999046325684
1720623776964,2.319999933242798
1720623784959,2.3499999046325684
1720623790959,2.369999885559082
1720623795960,2.3299999237060547
1720623800959,2.3299999237060547
1720623809961,2.2899999618530273
1720623814959,2.2799999713897705
1720623819959,2.2899999618530273
1720623824959,2.319999933242798
1720623829960,2.5
1720623834960,2.5299999713897705
1720623839959,2.4800000190734863
1720623844958,2.4700000286102295
1720623849959,2.450000047683716
1720623854961,2.380000114440918
1720623859960,2.390000104904175
1720623864961,2.359999895095825
1720623869961,2.359999895095825
1720623874959,2.359999895095825
1720623879960,2.380000114440918
1720623884959,2.4000000953674316
1720623889960,2.359999895095825
1720623894961,2.3399999141693115
1720623899959,2.369999885559082
1720623904963,2.369999885559082
1720623909958,2.3499999046325684
1720623914960,2.3499999046325684
1720623919960,2.3399999141693115
1720623925959,2.319999933242798
1720623935957,2.359999895095825
1720623940960,2.3399999141693115
1720623950959,2.3299999237060547
1720623956958,2.380000114440918
1720623962959,2.359999895095825
1720623967960,2.369999885559082
1720623975961,2.299999952316284
1720623980959,2.299999952316284
1720623986959,2.309999942779541
1720623991963,2.299999952316284
1720623996955,2.3399999141693115
1720624005959,2.3299999237060547
1720624010960,2.319999933242798
1720624015961,2.2899999618530273
1720624020959,2.2899999618530273
1720624025959,2.299999952316284
1720624030960,2.319999933242798
1720624035960,2.309999942779541
1720624040959,2.0899999141693115
1720624045959,2.2799999713897705
1720624050959,2.25
1720624056958,2.2699999809265137
1720624061959,2.2699999809265137
1720624066958,2.2899999618530273
1720624075960,2.309999942779541
1720624080960,2.2699999809265137
1720624085960,2.2699999809265137
1720624090960,2.2300000190734863
1720624095961,2.2100000381469727
1720624100957,2.2300000190734863
1720624105959,2.190000057220459
1720624111958,2.1700000762939453
1720624120959,2.2100000381469727
1720624126958,2.2300000190734863
1720624131959,2.180000066757202
1720624136958,2.180000066757202
1720624141959,2.1500000953674316
1720624159961,2.130000114440918
1720624165958,2.109999895095825
1720624170959,2.0999999046325684
1720624175959,2.059999942779541
1720624180959,2.069999933242798
1720624189957,2.0999999046325684
1720624199958,2.119999885559082
1720624208964,2.119999885559082
1720624213957,2.049999952316284
1720624218960,2.0399999618530273
1720624223961,2.0199999809265137
1720624228958,2.0299999713897705
1720624233958,2.0199999809265137
1720624238960,2.0199999809265137
1720624243962,1.9900000095367432
1720624248960,1.9800000190734863
1720624253959,2.0
1720624258958,2.0
1720624264958,2.009999990463257
1720624273959,2.0399999618530273
1720624278958,2.0199999809265137
1720624283961,2.0199999809265137
1720624288958,2.009999990463257
1720624293959,2.009999990463257
1720624298960,2.009999990463257
1720624303962,2.009999990463257
1720624308958,2.0199999809265137
1720624313963,2.009999990463257
1720624318961,2.0199999809265137
1720624323961,1.9900000095367432
1720624328958,1.9900000095367432
1720624333961,1.9800000190734863
1720624338963,1.9700000286102295
1720624343962,2.0199999809265137
1720624348962,2.0199999809265137
1720624354963,2.009999990463257
1720624364956,2.009999990463257
1720624369958,2.0199999809265137
1720624374959,2.009999990463257
1720624383962,2.0
1720624388959,2.009999990463257
1720624394959,2.0199999809265137
1720624404959,2.069999933242798
1720624409959,2.0799999237060547
1720624418963,2.049999952316284
1720624423961,2.049999952316284
1720624428960,2.059999942779541
1720624434959,2.0299999713897705
1720624443961,2.0399999618530273
1720624448960,2.059999942779541
1720624453962,2.0399999618530273
1720624458959,2.0199999809265137
1720624464959,2.049999952316284
1720624473959,2.059999942779541
1720624478961,2.0799999237060547
1720624483961,2.0799999237060547
1720624488961,2.0899999141693115
1720624493959,2.0999999046325684
1720624498961,2.0899999141693115
1720624503963,2.059999942779541
1720624508960,2.059999942779541
1720624513962,2.049999952316284
1720624518962,2.069999933242798
1720624523961,2.049999952316284
1720624528960,2.059999942779541
1720624534958,1.5700000524520874
1720624539960,1.3899999856948853
1720624544962,1.350000023841858
1720624553963,1.350000023841858
1720624558966,1.350000023841858
1720624563964,1.3300000429153442
1720624568961,1.350000023841858
1720624573964,1.350000023841858
1720624578963,1.3300000429153442
1720624583967,1.3700000047683716
1720624593965,0.5199999809265137
1720624598960,0.3400000035762787
1720624603963,0.0
1720624608962,0.0
