1720617732074,0.0
1720617752866,3.613039016723633
1720617752973,0.0
1720617758971,0.0
1720617763975,0.0
1720617768971,0.0
1720617774972,0.0
1720617802909,0.2412038892507553
1720617812896,0.000018849035768653266
1720617822835,0.0
1720617832885,0.0
1720617842842,9.434893608093262
1720617843973,0.0
1720617864974,0.0
1720617870974,0.0
1720617875973,0.0
1720617880974,0.0
1720617885973,0.0
1720617890972,3.619999885559082
1720617896972,2.319999933242798
1720617912965,4.4322919845581055
1720617917973,2.490000009536743
1720617931973,2.509999990463257
1720617942924,7.177945137023926
1720617952873,0.000024230490453192033
1720617958974,2.549999952316284
1720617976974,2.5999999046325684
1720617981974,2.5999999046325684
1720617992892,3.205026149749756
1720617993975,2.630000114440918
1720617998973,2.6700000762939453
1720618007974,2.609999895095825
1720618012970,2.609999895095825
1720618017972,2.680000066757202
1720618032953,7.394206523895264
1720618042982,0.0002449021558277309
1720618052941,0.0
1720618059972,3.0399999618530273
1720618062984,10.082806587219238
1720618072973,2.721135139465332
1720618081973,3.009999990463257
1720618095974,3.0899999141693115
1720618109975,3.109999895095825
1720618116973,3.109999895095825
1720618121971,3.119999885559082
1720618130972,2.9000000953674316
1720618135971,2.880000114440918
1720618140972,2.880000114440918
1720618173033,0.0
1720618182999,0.0017059216042980552
1720618193002,0.0
1720618198974,2.9000000953674316
1720618202985,11.02890682220459
1720618212977,0.8650025725364685
1720618221974,2.8299999237060547
1720618227971,2.0999999046325684
1720618233976,2.059999942779541
1720618238972,2.0399999618530273
1720618249974,2.0199999809265137
1720618255973,2.0199999809265137
1720618265974,2.069999933242798
1720618270971,2.059999942779541
1720618278972,2.0899999141693115
1720618283971,2.069999933242798
1720618288971,2.069999933242798
1720618293971,2.069999933242798
1720618298972,2.059999942779541
1720618303971,2.049999952316284
1720618308972,2.049999952316284
1720618313973,2.069999933242798
1720618318974,2.059999942779541
1720618325973,2.0299999713897705
1720618334970,1.9800000190734863
1720618339973,2.7300000190734863
1720618349969,2.690000057220459
1720618363086,1.3747795820236206
1720618368970,2.7799999713897705
1720618373972,2.7899999618530273
1720618388971,2.809999942779541
1720618393971,2.4249510765075684
1720618406972,2.859999895095825
1720618411970,2.869999885559082
1720618416974,2.859999895095825
1720618425969,2.0399999618530273
1720618434973,1.9900000095367432
1720618439977,1.9700000286102295
1720618444977,1.9800000190734863
1720618449985,1.9900000095367432
1720618454982,1.9800000190734863
1720618459976,1.9800000190734863
1720618469979,1.9900000095367432
1720618474975,1.9700000286102295
1720618484974,1.9700000286102295
1720618495970,1.9900000095367432
1720618504981,2.0
1720618509979,1.9800000190734863
1720618514985,1.9600000381469727
1720618524974,2.5799999237060547
1720618529976,2.559999942779541
1720618534977,2.569999933242798
1720618539972,2.5899999141693115
1720618545977,2.7300000190734863
1720618552973,2.799999952316284
1720618560972,2.8399999141693115
1720618565979,2.869999885559082
1720618570978,2.8399999141693115
1720618576974,2.930000066757202
1720618585975,3.0199999809265137
1720618590974,2.950000047683716
1720618596974,3.009999990463257
1720618605971,2.5
1720618610975,2.3299999237060547
1720618615975,2.2699999809265137
1720618620976,2.200000047683716
1720618625972,2.1600000858306885
1720618630974,2.0999999046325684
1720618635974,2.049999952316284
1720618640971,2.109999895095825
1720618649975,1.9900000095367432
1720618654974,1.850000023841858
1720618659975,1.7899999618530273
1720618664976,1.9600000381469727
1720618669970,1.9900000095367432
1720618674975,2.009999990463257
1720618679978,1.9800000190734863
1720618684971,1.9800000190734863
1720618689970,1.940000057220459
1720618694975,1.909999966621399
1720618699970,1.9600000381469727
1720618704984,1.809999942779541
1720618709970,1.840000033378601
1720618714970,1.8799999952316284
1720618719968,1.350000023841858
1720618724976,1.7200000286102295
1720618729982,1.8700000047683716
1720618734973,1.9199999570846558
1720618739981,2.440000057220459
1720618744972,1.9600000381469727
1720618750048,2.880000114440918
1720618755980,1.9600000381469727
1720618765969,1.909999966621399
1720618774977,1.8700000047683716
1720618779970,1.7000000476837158
1720618785974,0.5699999928474426
1720618790976,1.0800000429153442
1720618799972,1.8600000143051147
1720618804970,0.0
1720618810969,0.0
