1720613754002,0.7200000286102295
1720613761983,1.409999966621399
1720613766986,2.5899999141693115
1720613771982,0.0
1720613777984,1.2799999713897705
1720613782985,1.9199999570846558
1720613788984,2.069999933242798
1720613796985,2.140000104904175
1720613802987,2.190000057220459
1720613811985,2.2200000286102295
1720613816982,2.2300000190734863
1720613821983,2.2200000286102295
1720613827984,2.2699999809265137
1720613836982,2.259999990463257
1720613841982,2.25
1720613846983,2.2699999809265137
1720613851984,2.309999942779541
1720613856984,2.309999942779541
1720613861984,2.319999933242798
1720613866981,2.3299999237060547
1720613871983,2.309999942779541
1720613876979,2.3299999237060547
1720613881984,2.3399999141693115
1720613886984,2.319999933242798
1720613891983,2.319999933242798
1720613896985,2.309999942779541
1720613902985,2.3299999237060547
1720613907982,2.3499999046325684
1720613913988,2.369999885559082
1720613922982,2.369999885559082
1720613933985,2.3499999046325684
1720613943985,2.450000047683716
1720613952983,2.380000114440918
1720613962984,2.319999933242798
1720613971984,2.3399999141693115
1720613976984,2.359999895095825
1720613981981,2.380000114440918
1720613986986,2.369999885559082
1720613991982,2.359999895095825
1720613996982,2.369999885559082
1720614002982,2.380000114440918
1720614007984,2.319999933242798
1720614016986,2.3299999237060547
1720614021983,2.369999885559082
1720614026982,2.3499999046325684
1720614032984,2.319999933242798
1720614042982,2.369999885559082
1720614047980,2.3499999046325684
1720614055987,2.4100000858306885
1720614060983,2.440000057220459
1720614069979,2.4800000190734863
1720614074983,2.5
1720614079982,2.5199999809265137
1720614084980,2.5199999809265137
1720614093985,2.5399999618530273
1720614103982,2.740000009536743
1720614108983,2.7799999713897705
1720614113983,2.75
1720614118983,2.7799999713897705
1720614123984,2.7799999713897705
1720614128985,2.75
1720614133983,2.7799999713897705
1720614138985,2.8299999237060547
1720614143982,2.8399999141693115
1720614148983,2.8299999237060547
1720614153982,2.8499999046325684
1720614158991,2.880000114440918
1720614163984,2.859999895095825
1720614168985,2.869999885559082
1720614173983,2.8499999046325684
1720614178983,2.8399999141693115
1720614183984,2.819999933242798
1720614190985,2.819999933242798
1720614200983,2.8399999141693115
1720614211983,2.9100000858306885
1720614220979,2.9200000762939453
1720614225981,2.859999895095825
1720614230981,2.9100000858306885
1720614240980,2.9000000953674316
1720614245984,2.890000104904175
1720614254983,2.880000114440918
1720614259981,2.890000104904175
1720614264983,2.890000104904175
1720614269984,2.9200000762939453
1720614274983,2.9000000953674316
1720614279982,2.9100000858306885
1720614284985,2.9200000762939453
1720614290983,2.890000104904175
1720614295983,2.9000000953674316
1720614300981,2.9000000953674316
1720614306981,2.890000104904175
1720614314984,2.8499999046325684
1720614319982,2.8499999046325684
1720614324982,2.8299999237060547
1720614330982,2.869999885559082
1720614335984,2.859999895095825
1720614344982,2.8399999141693115
1720614349983,2.880000114440918
1720614354981,2.869999885559082
1720614359983,2.880000114440918
1720614364981,2.890000104904175
1720614369987,2.880000114440918
1720614374983,2.869999885559082
1720614380983,2.9000000953674316
1720614389984,2.9200000762939453
1720614395982,2.9200000762939453
1720614404982,2.880000114440918
1720614409983,2.859999895095825
1720614415980,2.869999885559082
1720614420979,2.8499999046325684
1720614425980,2.8499999046325684
1720614430984,2.819999933242798
1720614440984,2.859999895095825
1720614445984,2.8299999237060547
1720614450982,2.8399999141693115
1720614455984,2.8299999237060547
1720614460980,2.819999933242798
1720614465982,2.8399999141693115
1720614470983,2.8399999141693115
1720614475982,2.7899999618530273
1720614480983,2.759999990463257
1720614485981,2.799999952316284
1720614491982,2.819999933242798
1720614500983,2.819999933242798
1720614509984,2.8299999237060547
1720614514984,2.819999933242798
1720614519992,2.809999942779541
1720614525985,2.75
1720614534983,2.75
1720614540988,2.759999990463257
1720614550984,2.7699999809265137
1720614555989,2.819999933242798
1720614564985,2.869999885559082
1720614569985,2.859999895095825
1720614575984,2.8399999141693115
1720614580981,2.859999895095825
1720614600813,6.200649738311768
1720614610832,0.0
1720614650853,0.0
1720614660874,0.0
1720614670811,0.0
1720614680911,5.030585765838623
1720614700812,0.18315725028514862
1720614710856,0.0
1720614720895,3.744022846221924
1720614730844,0.728498101234436
1720614740841,0.07864271849393845
1720614750832,10.161820411682129
