1720612706001,0.0
1720612713988,0.0
1720612718987,0.0
1720612723986,0.0
1720612728984,0.0
1720612733986,0.0
1720612738987,0.0
1720612743984,0.0
1720612748985,3.4200000762939453
1720612758987,2.6500000953674316
1720612763988,2.640000104904175
1720612768988,2.6700000762939453
1720612774987,2.6500000953674316
1720612779983,2.8399999141693115
1720612788987,2.7200000286102295
1720612794986,2.7200000286102295
1720612799985,2.6700000762939453
1720612808988,2.5899999141693115
1720612813989,2.4700000286102295
1720612819990,2.5799999237060547
1720612824985,2.619999885559082
1720612829988,2.6700000762939453
1720612834986,2.6600000858306885
1720612843990,2.690000057220459
1720612849987,2.5899999141693115
1720612859982,2.630000114440918
1720612868984,2.630000114440918
1720612874989,2.2200000286102295
1720612883987,2.819999933242798
1720612888985,2.640000104904175
1720612894985,2.569999933242798
1720612904985,2.4700000286102295
1720612909985,2.490000009536743
1720612919984,2.4700000286102295
1720612924983,2.4800000190734863
1720612929988,2.4700000286102295
1720612934987,2.4700000286102295
1720612939986,2.4700000286102295
1720612948988,2.4200000762939453
1720612953987,2.4700000286102295
1720612958988,2.5299999713897705
1720612964985,2.5299999713897705
1720612974990,2.619999885559082
1720612979989,2.609999895095825
1720612984986,2.6700000762939453
1720612993988,2.440000057220459
1720612998985,2.059999942779541
1720613003991,2.6600000858306885
1720613008991,2.6600000858306885
1720613013987,2.640000104904175
1720613018989,2.640000104904175
1720613023993,2.6600000858306885
1720613029986,2.619999885559082
1720613038985,2.5999999046325684
1720613043985,2.5799999237060547
1720613049985,2.5399999618530273
1720613054984,2.549999952316284
1720613064983,2.5799999237060547
1720613069986,2.559999942779541
1720613074984,2.549999952316284
1720613079984,2.5299999713897705
1720613084985,2.509999990463257
1720613089983,2.5199999809265137
1720613094984,2.5299999713897705
1720613099983,2.5199999809265137
1720613104984,2.5199999809265137
1720613113986,2.5299999713897705
1720613119982,2.5
1720613124986,2.5
1720613129984,2.4700000286102295
1720613134985,2.490000009536743
1720613139984,2.509999990463257
1720613144985,2.5
1720613153987,2.390000104904175
1720613158987,2.4100000858306885
1720613164982,2.4000000953674316
1720613174985,2.430000066757202
1720613179988,2.440000057220459
1720613184985,2.6500000953674316
1720613189988,2.630000114440918
1720613194985,2.609999895095825
1720613199984,2.569999933242798
1720613204983,2.5299999713897705
1720613209984,2.5799999237060547
1720613214986,2.5899999141693115
1720613219985,2.630000114440918
1720613224983,2.5999999046325684
1720613229982,2.609999895095825
1720613234988,2.5899999141693115
1720613239984,2.569999933242798
1720613249983,2.5199999809265137
1720613258987,2.569999933242798
1720613263988,2.559999942779541
1720613269982,2.569999933242798
1720613274983,2.5899999141693115
1720613279984,2.5799999237060547
1720613284982,2.619999885559082
1720613289983,2.7300000190734863
1720613294985,2.6500000953674316
1720613299983,2.6700000762939453
1720613304983,2.619999885559082
1720613314987,2.619999885559082
1720613319984,2.619999885559082
1720613324982,2.6700000762939453
1720613329985,2.700000047683716
1720613334985,2.740000009536743
1720613339986,2.7100000381469727
1720613344981,2.5899999141693115
1720613349981,2.609999895095825
1720613354982,2.5799999237060547
1720613360984,2.640000104904175
1720613369983,2.630000114440918
1720613374982,2.6500000953674316
1720613384982,2.5999999046325684
1720613389981,2.630000114440918
1720613394985,2.559999942779541
1720613399984,2.5799999237060547
1720613409982,2.5899999141693115
1720613414983,2.569999933242798
1720613419984,2.509999990463257
1720613424985,2.490000009536743
1720613429982,2.5299999713897705
1720613434985,2.609999895095825
1720613439985,2.630000114440918
1720613444982,2.6600000858306885
1720613454990,2.6700000762939453
1720613459987,2.6500000953674316
1720613464986,2.6600000858306885
1720613474987,2.549999952316284
1720613484983,2.559999942779541
1720613489986,2.5199999809265137
1720613494984,2.440000057220459
1720613503985,0.0
1720613508983,3.700000047683716
1720613513987,0.0
1720613518986,0.7099999785423279
1720613523987,0.9900000095367432
1720613528984,0.0
