time,lat,long
1720535787684,53.20092005,8.56926792
1720535795638,53.20086879,8.56932801
1720535800648,53.20086619,8.56933828
1720535809639,53.20088636,8.56930842
1720535815634,53.20088634,8.56930826
1720535821633,53.20088661,8.56930784
1720535829636,53.20090413,8.56928212
1720535834637,53.20104761,8.56914334
1720535839634,53.2010463,8.56853912
1720535845635,53.20127648,8.56846322
1720535850635,53.20134469,8.56845284
1720535860636,53.20142296,8.56831577
1720535870639,53.20153384,8.56771133
1720535875637,53.20166571,8.56735002
1720535880638,53.20142904,8.56698748
1720535885636,53.20139015,8.56687484
1720535890633,53.2013491,8.56670674
1720535895634,53.20134585,8.56646219
1720535900637,53.20142823,8.5658867
1720535905635,53.20142354,8.56566293
1720535910642,53.20138672,8.56543094
1720535915635,53.20130901,8.56521555
1720535920636,53.20120188,8.56502584
1720535925637,53.20106072,8.56485356
1720535930642,53.20091344,8.56469814
1720535935639,53.20077802,8.56449801
1720535940637,53.20073448,8.56446183
1720535945636,53.2006572,8.56454245
1720535950632,53.20051541,8.56458302
1720535955638,53.20037829,8.56467793
1720535960636,53.20020478,8.56473
1720535965634,53.19991326,8.56502625
1720535970635,53.19981487,8.56508982
1720535975634,53.19968104,8.56515047
1720535980635,53.19954246,8.56542741
1720535985634,53.19924874,8.56563097
1720535991634,53.1991215,8.56605396
1720536000635,53.19870236,8.56619357
1720536005636,53.19862398,8.56640524
1720536010634,53.19858182,8.56660927
1720536015635,53.19859598,8.56685103
1720536020633,53.19869923,8.56706546
1720536025634,53.19908365,8.56722908
1720536030634,53.19935154,8.56735556
1720536035633,53.19953552,8.56745947
1720536040635,53.19965426,8.56758924
1720536045634,53.19982059,8.56766109
1720536050634,53.20002236,8.5677124
1720536055637,53.20039902,8.56788703
1720536061632,53.20062192,8.56807412
1720536071634,53.20083102,8.56853362
1720536080637,53.20096129,8.56864931
1720536085636,53.20103773,8.56875122
1720536090638,53.20109619,8.56886098
1720536095635,53.20112817,8.56906843
1720536100636,53.20115156,8.56918822
1720536110633,53.20113825,8.56910857
1720536115641,53.20113001,8.56909476
1720536120639,53.20112919,8.56909523
1720536125633,53.20114349,8.56911116
1720536130634,53.20115469,8.56912315
1720536135631,53.20114929,8.5691193
1720536141637,53.20112489,8.56909517
1720536150641,53.20102733,8.56900793
1720536155632,53.20100649,8.56900336
1720536160639,53.20099619,8.56901685
1720536166632,53.20098449,8.56913005
1720536171714,53.20095443,8.56927717
1720536176391,53.20094031,8.56926063
1720536181667,53.20092835,8.56925224
1720536190636,53.20090641,8.56931114
1720536195630,53.20090138,8.56931894
1720536200631,53.20090915,8.56932087
1720536205641,53.20101314,8.56935233
1720536210635,53.20113009,8.56928454
1720536215636,53.20137733,8.56892734
1720536220635,53.20152506,8.56878598
1720536225640,53.20166705,8.56856911
1720536230636,53.20175981,8.56842603
1720536235728,53.20178903,8.56827012
1720536240637,53.20177932,8.56810971
1720536245634,53.20180855,8.56768684
1720536250635,53.20179856,8.5675412
1720536255638,53.20175088,8.56705611
1720536260643,53.20168447,8.56672459
1720536265636,53.20158047,8.56645111
1720536270642,53.20148404,8.56643545
1720536275630,53.20130674,8.56656927
1720536280642,53.20124791,8.56665153
1720536285635,53.20120167,8.56677511
1720536290640,53.20113408,8.56696955
1720536295636,53.20105542,8.5671292
1720536301641,53.20095186,8.56718395
1720536310646,53.20087271,8.56698411
1720536315640,53.20077568,8.56706479
1720536320634,53.20069572,8.56711306
1720536325633,53.20058307,8.56707906
1720536331648,53.20050709,8.56711795
1720536337633,53.2005408,8.56711127
1720536342656,53.20059103,8.56707315
