1720535787684,0.0
1720535795638,0.0
1720535800648,0.0
1720535809639,0.0
1720535815634,0.0
1720535821633,0.0
1720535829636,2.2799999713897705
1720535834637,1.0399999618530273
1720535839634,1.0299999713897705
1720535845635,0.9900000095367432
1720535850635,1.0399999618530273
1720535860636,1.0800000429153442
1720535870639,1.3700000047683716
1720535875637,1.4600000381469727
1720535880638,2.2100000381469727
1720535885636,1.840000033378601
1720535890633,1.8700000047683716
1720535895634,1.9800000190734863
1720535900637,2.140000104904175
1720535905635,2.5799999237060547
1720535910642,2.9000000953674316
1720535915635,2.9700000286102295
1720535920636,3.180000066757202
1720535925637,3.2100000381469727
1720535930642,3.1500000953674316
1720535935639,3.049999952316284
1720535940637,3.2200000286102295
1720535945636,3.4200000762939453
1720535950632,3.4700000286102295
1720535955638,3.140000104904175
1720535960636,3.200000047683716
1720535965634,3.2899999618530273
1720535970635,3.1500000953674316
1720535975634,3.0899999141693115
1720535980635,3.619999885559082
1720535985634,1.2100000381469727
1720535991634,3.0899999141693115
1720536000635,2.990000009536743
1720536005636,3.630000114440918
1720536010634,3.440000057220459
1720536015635,3.0
1720536020633,3.009999990463257
1720536025634,5.510000228881836
1720536030634,5.380000114440918
1720536035633,3.359999895095825
1720536040635,3.4200000762939453
1720536045634,3.7699999809265137
1720536050634,4.289999961853027
1720536055637,4.369999885559082
1720536061632,4.480000019073486
1720536071634,3.990000009536743
1720536080637,2.0899999141693115
1720536085636,1.5700000524520874
1720536090638,1.6399999856948853
1720536095635,4.0
1720536100636,1.190000057220459
1720536110633,0.0
1720536115641,0.0
1720536120639,0.0
1720536125633,0.0
1720536130634,0.0
1720536135631,0.0
1720536141637,0.0
1720536150641,0.0
1720536155632,0.0
1720536160639,0.0
1720536166632,0.0
1720536171714,0.2199999988079071
1720536176391,0.0
1720536181667,0.0
1720536190636,0.0
1720536195630,0.0
1720536200631,0.0
1720536205641,1.6100000143051147
1720536210635,1.8600000143051147
1720536215636,3.2699999809265137
1720536220635,3.369999885559082
1720536225640,3.680000066757202
1720536230636,2.630000114440918
1720536235728,1.9800000190734863
1720536240637,1.8300000429153442
1720536245634,1.6100000143051147
1720536250635,1.899999976158142
1720536255638,2.359999895095825
1720536260643,4.320000171661377
1720536265636,2.2699999809265137
1720536270642,4.369999885559082
1720536275630,2.700000047683716
1720536280642,2.5399999618530273
1720536285635,2.3299999237060547
1720536290640,1.909999966621399
1720536295636,3.009999990463257
1720536301641,3.0799999237060547
1720536310646,2.4200000762939453
1720536315640,2.3299999237060547
1720536320634,2.319999933242798
1720536325633,1.2599999904632568
1720536331648,0.0
1720536337633,0.3799999952316284
1720536342656,0.44999998807907104
