1720611475009,0.0
1720611483989,0.0
1720611492994,0.0
1720611503987,0.0
1720611512991,0.0
1720611517987,3.490000009536743
1720611527990,2.390000104904175
1720611532988,2.440000057220459
1720611537992,2.430000066757202
1720611542990,2.430000066757202
1720611552993,2.359999895095825
1720611557989,2.4000000953674316
1720611563989,2.390000104904175
1720611572990,2.2699999809265137
1720611578988,2.3399999141693115
1720611588986,2.2699999809265137
1720611598987,2.2200000286102295
1720611603989,2.2200000286102295
1720611608989,2.190000057220459
1720611617993,2.1700000762939453
1720611623987,2.240000009536743
1720611628986,2.2799999713897705
1720611633993,2.359999895095825
1720611642990,2.3399999141693115
1720611648990,2.309999942779541
1720611653989,2.2799999713897705
1720611658988,2.240000009536743
1720611667990,2.2100000381469727
1720611673989,2.2300000190734863
1720611678987,2.2100000381469727
1720611683988,2.180000066757202
1720611688987,2.1600000858306885
1720611693990,2.109999895095825
1720611698987,2.119999885559082
1720611703987,2.069999933242798
1720611714986,2.1700000762939453
1720611723989,2.2100000381469727
1720611728989,2.1700000762939453
1720611733988,2.190000057220459
1720611738987,2.2699999809265137
1720611743987,2.259999990463257
1720611748990,2.2799999713897705
1720611753989,2.25
1720611758990,2.259999990463257
1720611763988,2.2100000381469727
1720611773985,2.180000066757202
1720611779991,2.25
1720611789989,2.359999895095825
1720611798985,2.4000000953674316
1720611808989,2.4000000953674316
1720611813991,2.4000000953674316
1720611818987,2.380000114440918
1720611828988,2.2899999618530273
1720611833992,2.2699999809265137
1720611838986,2.25
1720611843989,2.2699999809265137
1720611853987,2.240000009536743
1720611858990,2.2799999713897705
1720611863988,2.2799999713897705
1720611868985,2.2899999618530273
1720611877988,2.2699999809265137
1720611883989,2.240000009536743
1720611893987,2.3299999237060547
1720611902990,2.309999942779541
1720611907988,2.309999942779541
1720611913989,2.319999933242798
1720611918988,2.3299999237060547
1720611923990,2.2899999618530273
1720611928991,2.3499999046325684
1720611933988,2.3299999237060547
1720611938988,2.609999895095825
1720611943987,2.6500000953674316
1720611949986,2.6600000858306885
1720611958986,2.700000047683716
1720611964988,2.6700000762939453
1720611972989,2.640000104904175
1720611978990,2.640000104904175
1720611988987,2.609999895095825
1720611993987,2.619999885559082
1720611998986,2.630000114440918
1720612003987,2.609999895095825
1720612008988,2.630000114440918
1720612017990,2.5999999046325684
1720612023988,2.619999885559082
1720612028994,2.640000104904175
1720612033988,2.5799999237060547
1720612038988,2.380000114440918
1720612043987,2.5299999713897705
1720612048988,2.559999942779541
1720612053985,2.549999952316284
1720612063986,2.569999933242798
1720612068985,2.5799999237060547
1720612078991,2.559999942779541
1720612083988,2.5399999618530273
1720612088985,2.5399999618530273
1720612093986,2.5299999713897705
1720612099989,2.5399999618530273
1720612109987,2.630000114440918
1720612119987,2.5399999618530273
1720612128985,2.490000009536743
1720612133987,2.4700000286102295
1720612138989,2.440000057220459
1720612143990,2.4600000381469727
1720612148988,2.4700000286102295
1720612153986,2.4800000190734863
1720612158987,2.4600000381469727
1720612163990,2.5
1720612168988,2.5
1720612173989,2.490000009536743
1720612178986,2.509999990463257
1720612183987,2.4800000190734863
1720612188985,2.490000009536743
1720612199989,2.4700000286102295
1720612208986,2.4700000286102295
1720612218988,2.5299999713897705
1720612227992,2.509999990463257
1720612232989,2.4700000286102295
1720612238988,2.430000066757202
1720612243989,2.430000066757202
1720612253986,2.440000057220459
1720612258987,2.450000047683716
1720612263987,2.509999990463257
1720612268991,2.509999990463257
1720612273986,2.4700000286102295
1720612279989,2.4700000286102295
1720612288986,2.4600000381469727
1720612293987,2.4600000381469727
1720612303987,2.450000047683716
1720612313988,2.4200000762939453
1720612318990,2.430000066757202
1720612323989,2.4000000953674316
1720612328989,2.4100000858306885
1720612337987,2.380000114440918
1720612343991,2.4200000762939453
1720612348993,2.4200000762939453
1720612358988,2.440000057220459
1720612363988,2.430000066757202
1720612372989,2.440000057220459
1720612377990,2.5199999809265137
1720612383992,2.5
1720612392994,2.5299999713897705
1720612397986,2.509999990463257
1720612403985,2.5
1720612408988,2.5
1720612414992,1.6299999952316284
1720612422991,0.0
1720612427986,0.0
1720612437990,0.18000000715255737
