1720625913970,0.0
1720625921954,0.0
1720625926956,0.0
1720625943954,0.0
1720625949955,0.0
1720625955954,0.0
1720625960955,3.6500000953674316
1720625966956,2.4600000381469727
1720625972954,2.559999942779541
1720625977955,2.6700000762939453
1720625986953,2.569999933242798
1720625991954,2.509999990463257
1720625996951,2.4600000381469727
1720626001955,2.490000009536743
1720626006953,2.640000104904175
1720626011959,2.700000047683716
1720626016953,2.7100000381469727
1720626021954,2.9600000381469727
1720626028954,3.0199999809265137
1720626039813,7.7705230712890625
1720626039955,3.0899999141693115
1720626045953,2.8447742462158203
1720626059809,3.8791186809539795
1720626065953,3.0199999809265137
1720626073955,3.0199999809265137
1720626079952,3.009999990463257
1720626085956,3.0199999809265137
1720626090960,3.009999990463257
1720626099955,3.005282163619995
1720626104954,3.0899999141693115
1720626110957,3.1500000953674316
1720626119956,3.180000066757202
1720626124952,4.555110931396484
1720626129956,3.2300000190734863
1720626134955,3.130000114440918
1720626139953,3.109999895095825
1720626144954,3.130000114440918
1720626149953,3.180000066757202
1720626166952,3.009999990463257
1720626179838,8.33181095123291
1720626186951,3.0399999618530273
1720626201951,3.069999933242798
1720626206951,3.0399999618530273
1720626211952,3.0299999713897705
1720626221953,3.059999942779541
1720626229954,2.9100000858306885
1720626235954,3.0
1720626240957,3.0
1720626245951,3.0299999713897705
1720626255953,3.049999952316284
1720626265955,3.0799999237060547
1720626270953,3.0799999237060547
1720626275951,3.0999999046325684
1720626280955,3.140000104904175
1720626285951,3.119999885559082
1720626291953,3.0799999237060547
1720626297952,3.0899999141693115
1720626303952,3.1700000762939453
1720626318954,3.0399999618530273
1720626330954,3.0299999713897705
1720626338955,2.880000114440918
1720626343954,2.9800000190734863
1720626348953,3.049999952316284
1720626353954,3.0299999713897705
1720626358953,3.059999942779541
1720626363953,3.009999990463257
1720626368959,3.009999990463257
1720626373954,2.990000009536743
1720626378954,2.990000009536743
1720626383954,3.0199999809265137
1720626389952,3.130000114440918
1720626398955,3.140000104904175
1720626403959,3.180000066757202
1720626408954,3.130000114440918
1720626414952,3.1500000953674316
1720626423953,3.119999885559082
1720626429952,3.190000057220459
1720626434953,3.1700000762939453
1720626449953,3.0299999713897705
1720626459951,5.312463283538818
1720626468952,2.9700000286102295
1720626473952,2.9600000381469727
1720626483952,3.0199999809265137
1720626488950,3.0
1720626495955,3.049999952316284
1720626504952,3.0199999809265137
1720626510953,3.0299999713897705
1720626520956,3.119999885559082
1720626529951,3.140000104904175
1720626535952,3.140000104904175
1720626540954,3.0999999046325684
1720626550953,3.2200000286102295
1720626558955,3.2200000286102295
1720626563954,4.410465240478516
1720626574951,3.049999952316284
1720626583952,3.119999885559082
1720626588951,3.1500000953674316
1720626593953,3.140000104904175
1720626598952,3.059999942779541
1720626603953,3.049999952316284
1720626610953,3.059999942779541
1720626616957,3.0399999618530273
1720626621954,3.059999942779541
1720626631955,3.180000066757202
1720626646954,3.140000104904175
1720626652954,3.1600000858306885
1720626668954,3.180000066757202
1720626673956,3.180000066757202
1720626678954,3.2100000381469727
1720626689963,1.1265320777893066
1720626694959,3.180000066757202
1720626704954,3.1700000762939453
1720626713954,3.240000009536743
1720626718960,3.240000009536743
1720626723952,3.2300000190734863
1720626728952,3.2300000190734863
1720626733953,3.200000047683716
1720626738956,3.1500000953674316
1720626750029,4.66447639465332
1720626758955,3.1700000762939453
1720626770041,7.30784797668457
1720626780008,4.743565082550049
1720626780954,3.0299999713897705
1720626789953,3.009999990463257
1720626794959,2.990000009536743
1720626799953,3.0
1720626804951,2.9800000190734863
1720626813952,3.0
1720626818954,3.0199999809265137
1720626823965,3.1456921100616455
1720626828957,3.0799999237060547
1720626833956,3.0799999237060547
1720626838953,3.119999885559082
1720626843957,2.940000057220459
1720626848958,2.009999990463257
1720626854954,1.649999976158142
1720626860952,1.659999966621399
1720626865954,2.440000057220459
1720626870956,3.0
1720626880954,3.240000009536743
1720626885951,3.059999942779541
1720626894952,0.0
1720626899953,0.0
