1720621220248,0.0
1720621224980,0.0
1720621230966,0.0
1720621239966,1.3624142408370972
1720621245965,2.8957204818725586
1720621260171,1.5014503002166748
1720621262967,32.896514892578125
1720621268966,3.64215087890625
1720621276965,2.8445756435394287
1720621282963,2.2278835773468018
1720621287965,6.185103416442871
1720621292964,10.179818153381348
1720621297966,2.5999999046325684
1720621303964,3.356414318084717
1720621311965,2.86330509185791
1720621316964,3.927565336227417
1720621322967,3.356480121612549
1720621335969,2.7955591678619385
1720621341967,3.4820187091827393
1720621355965,2.2804365158081055
1720621361965,2.9065802097320557
1720621366968,2.740000009536743
1720621375964,2.7799999713897705
1720621381964,2.8499999046325684
1720621386963,3.924996852874756
1720621391965,3.1376254558563232
1720621396962,2.7699999809265137
1720621401968,3.0369648933410645
1720621410967,2.799999952316284
1720621419964,2.7799999713897705
1720621424968,2.7699999809265137
1720621429965,2.7699999809265137
1720621435965,3.3305299282073975
1720621440965,2.7300000190734863
1720621445964,2.75
1720621450964,2.7699999809265137
1720621457967,2.799999952316284
1720621470323,3.824568033218384
1720621471967,37.4520263671875
1720621476962,2.819999933242798
1720621482963,3.3352572917938232
1720621488963,2.7799999713897705
1720621499963,2.7300000190734863
1720621505967,2.7300000190734863
1720621510970,2.7699999809265137
1720621522969,2.5080888271331787
1720621527963,3.633819341659546
1720621532970,3.3705554008483887
1720621538966,5.270723819732666
1720621544964,2.75
1720621549963,2.75
1720621558965,2.799999952316284
1720621563965,2.799999952316284
1720621568963,2.7899999618530273
1720621577962,2.7300000190734863
1720621583966,2.740000009536743
1720621588967,2.740000009536743
1720621598967,2.819999933242798
1720621603965,2.8499999046325684
1720621612964,2.8499999046325684
1720621617964,2.859999895095825
1720621630326,0.49487388134002686
1720621640395,0.7542108297348022
1720621640965,2.799999952316284
1720621645964,2.8299999237060547
1720621650965,2.819999933242798
1720621659966,2.819999933242798
1720621666968,2.8299999237060547
1720621671964,2.809999942779541
1720621680964,2.809999942779541
1720621685962,2.799999952316284
1720621690965,2.7899999618530273
1720621695963,2.7699999809265137
1720621700966,2.7899999618530273
1720621705965,2.809999942779541
1720621714968,2.7799999713897705
1720621719964,2.9100000858306885
1720621725963,2.9100000858306885
1720621730965,2.9000000953674316
1720621735965,2.9200000762939453
1720621740968,2.9000000953674316
1720621746964,2.930000066757202
1720621752965,2.9700000286102295
1720621770391,0.39919930696487427
1720621773965,2.9100000858306885
1720621779965,2.9200000762939453
1720621784966,2.9100000858306885
1720621794966,2.9700000286102295
1720621803964,2.950000047683716
1720621809963,2.890000104904175
1720621814970,2.880000114440918
1720621819963,2.890000104904175
1720621828965,3.0299999713897705
1720621833966,3.0199999809265137
1720621843963,3.0399999618530273
1720621854964,3.0799999237060547
1720621864963,3.140000104904175
1720621874966,3.1700000762939453
1720621879962,3.180000066757202
1720621890469,2.164994955062866
1720621894968,3.140000104904175
1720621900965,3.1600000858306885
1720621905966,3.1500000953674316
1720621914963,3.1500000953674316
1720621919960,3.200000047683716
1720621924960,3.2799999713897705
1720621929962,3.25
1720621934964,3.2100000381469727
1720621940963,3.2100000381469727
1720621948965,3.2300000190734863
1720621954967,3.2899999618530273
1720621964965,3.299999952316284
1720621969965,3.309999942779541
1720621974967,3.3299999237060547
1720621979964,3.3399999141693115
1720621984964,3.3299999237060547
1720621989962,3.369999885559082
1720621994964,3.3499999046325684
1720622010537,6.143904685974121
1720622010966,3.319999933242798
1720622015969,3.319999933242798
1720622024965,3.3399999141693115
1720622030967,3.369999885559082
1720622040964,3.369999885559082
1720622049963,3.380000114440918
1720622054964,3.3499999046325684
1720622059968,3.299999952316284
1720622068977,3.440000057220459
1720622073964,3.4800000190734863
1720622078971,3.450000047683716
1720622083965,3.4000000953674316
1720622089963,3.4600000381469727
1720622094965,3.440000057220459
1720622099963,3.430000066757202
1720622104962,3.4100000858306885
1720622109964,3.4200000762939453
1720622115966,3.380000114440918
1720622130602,2.4271583557128906
1720622130967,3.259999990463257
1720622136965,3.2799999713897705
1720622145967,3.299999952316284
1720622150969,2.930000066757202
1720622155963,0.4099999964237213
1720622160972,0.2800000011920929
