1720608938997,0.0
1720608947996,0.0
1720608952990,0.0
1720608957995,2.630000114440918
1720608962992,2.440000057220459
1720608968994,2.5199999809265137
1720608973993,2.7899999618530273
1720608978995,2.700000047683716
1720608983994,2.630000114440918
1720608993993,2.5299999713897705
1720609003999,2.619999885559082
1720609008992,2.440000057220459
1720609018996,2.4100000858306885
1720609028992,2.4100000858306885
1720609038993,2.319999933242798
1720609043993,2.309999942779541
1720609048994,2.299999952316284
1720609053993,2.3299999237060547
1720609058994,2.299999952316284
1720609063994,2.309999942779541
1720609073993,2.359999895095825
1720609078993,2.3399999141693115
1720609083995,2.2799999713897705
1720609088993,2.2799999713897705
1720609093992,2.2699999809265137
1720609098997,2.319999933242798
1720609108995,2.2899999618530273
1720609113992,2.299999952316284
1720609118995,2.299999952316284
1720609123991,2.309999942779541
1720609132992,1.2100000381469727
1720609137990,0.6800000071525574
1720609143994,0.1899999976158142
1720609148994,0.0
1720609153995,0.0
1720609162996,0.36000001430511475
1720609168998,0.0
1720609174997,0.0
1720609183995,0.0
1720609189993,1.840000033378601
1720609195992,2.3299999237060547
1720609204992,2.4700000286102295
1720609209994,2.4800000190734863
1720609215992,2.4700000286102295
1720609226993,2.4700000286102295
1720609234994,2.4700000286102295
1720609239995,2.4800000190734863
1720609244998,2.4600000381469727
1720609249997,2.4600000381469727
1720609254995,2.4800000190734863
1720609259995,2.440000057220459
1720609264993,2.4800000190734863
1720609269997,2.549999952316284
1720609274993,2.609999895095825
1720609279993,2.609999895095825
1720609284995,2.5399999618530273
1720609289994,2.5299999713897705
1720609294994,2.4600000381469727
1720609299993,2.640000104904175
1720609306993,2.609999895095825
1720609314993,2.5799999237060547
1720609319995,2.5899999141693115
1720609324994,2.5799999237060547
1720609329993,2.569999933242798
1720609334995,2.5299999713897705
1720609339997,2.1600000858306885
1720609344996,1.7899999618530273
1720609353993,1.7100000381469727
1720609359995,0.4000000059604645
1720609364992,0.1599999964237213
