1720614936096,0.0
1720614946075,0.0
1720614956096,0.0
1720614966103,0.0
1720614976107,10.060199737548828
1720614986063,0.0
1720614996142,0.0
1720615006180,0.0
1720615016141,0.0
1720615026037,4.763180732727051
1720615036116,0.0
1720615046184,3.093090534210205
1720615056119,0.0
1720615066143,0.0
1720615076154,0.0
1720615146145,0.0
1720615156124,0.0
1720615164977,0.0
1720615166152,92.7555160522461
1720615176134,0.0
1720615186179,0.0
1720615196190,4.286862373352051
1720615206154,0.0
1720615216180,0.0
1720615284978,2.4700000286102295
1720615296201,5.125649452209473
1720615306191,0.0
1720615316192,0.0
1720615326212,0.0
1720615336234,6.343638896942139
1720615346164,0.0
1720615356246,0.20139145851135254
1720615366181,0.06764253228902817
1720615376172,2.694462776184082
1720615386190,0.0
1720615456212,0.0
1720615466215,0.0
1720615476204,0.0
1720615486221,0.0
1720615496274,5.030106067657471
1720615506217,2.0443501472473145
1720615516228,4.406567096710205
1720615526255,1.3897557258605957
1720615536164,0.0
1720615546172,0.08474983274936676
1720615556193,0.0
1720615595978,1.9199999570846558
1720615603978,1.940000057220459
1720615610976,1.9500000476837158
1720615615976,2.2300000190734863
1720615620976,2.2899999618530273
1720615636281,6.527430534362793
1720615639977,2.3499999046325684
1720615656275,2.976177453994751
1720615666263,0.6248679757118225
1720615668978,2.0999999046325684
1720615673976,2.049999952316284
1720615686309,5.4256415367126465
1720615689983,2.2799999713897705
1720615701981,2.2300000190734863
1720615711982,2.2699999809265137
1720615721981,2.309999942779541
1720615730980,2.2899999618530273
1720615735977,2.2799999713897705
1720615740978,2.299999952316284
1720615745977,2.3399999141693115
1720615750981,2.3399999141693115
1720615755979,2.3299999237060547
1720615764983,2.359999895095825
1720615769990,2.2799999713897705
1720615775979,2.2899999618530273
1720615784981,2.3399999141693115
1720615789985,2.299999952316284
1720615795978,2.3299999237060547
1720615800982,2.299999952316284
1720615806984,2.2200000286102295
1720615818985,2.2899999618530273
1720615831981,2.3399999141693115
1720615836980,2.380000114440918
1720615841993,2.2899999618530273
1720615850983,2.3499999046325684
1720615856981,2.359999895095825
1720615862979,2.390000104904175
1720615867982,2.359999895095825
1720615876979,2.359999895095825
1720615885977,2.2100000381469727
1720615891980,1.559999942779541
1720615900980,0.0
1720615905981,1.5099999904632568
1720615910982,0.0
1720615915982,0.5099999904632568
1720615921977,0.27000001072883606
1720615926983,0.3199999928474426
