1720610149012,0.0
1720610157995,0.0
1720610162998,0.0
1720610167993,0.0
1720610173999,0.0
1720610182994,0.0
1720610187992,0.0
1720610192996,0.0
1720610198992,0.0
1720610203993,0.0
1720610208991,0.0
1720610217990,2.1600000858306885
1720610222994,2.450000047683716
1720610227992,2.609999895095825
1720610232993,2.6600000858306885
1720610237990,2.6500000953674316
1720610243992,2.799999952316284
1720610248999,2.940000057220459
1720610257989,2.7699999809265137
1720610263992,2.740000009536743
1720610272992,2.700000047683716
1720610277989,2.809999942779541
1720610282992,2.9800000190734863
1720610288996,2.9000000953674316
1720610293994,3.009999990463257
1720610298994,2.869999885559082
1720610303993,2.9700000286102295
1720610308993,2.9700000286102295
1720610317992,2.9100000858306885
1720610322991,2.930000066757202
1720610329992,2.9100000858306885
1720610338992,3.009999990463257
1720610343993,2.9800000190734863
1720610348991,3.0199999809265137
1720610353996,3.0799999237060547
1720610358992,3.009999990463257
1720610368995,3.0999999046325684
1720610374013,3.1600000858306885
1720610378992,3.1700000762939453
1720610387998,3.140000104904175
1720610392989,3.069999933242798
1720610398999,3.069999933242798
1720610408992,3.0199999809265137
1720610418993,3.1700000762939453
1720610423995,3.109999895095825
1720610428991,3.069999933242798
1720610433993,3.0899999141693115
1720610438995,3.1500000953674316
1720610443993,3.2100000381469727
1720610448995,3.2300000190734863
1720610458994,3.190000057220459
1720610468991,3.0999999046325684
1720610473994,3.119999885559082
1720610478992,3.119999885559082
1720610483995,3.0799999237060547
1720610488998,3.049999952316284
1720610498993,3.0899999141693115
1720610507990,3.0999999046325684
1720610512989,3.0399999618530273
1720610517991,3.009999990463257
1720610523994,3.0999999046325684
1720610528991,3.0799999237060547
1720610533993,3.119999885559082
1720610542991,3.180000066757202
1720610548991,3.200000047683716
1720610553993,3.200000047683716
1720610558992,3.1600000858306885
1720610563991,3.1700000762939453
1720610568993,3.440000057220459
1720610573992,3.4800000190734863
1720610582990,3.2799999713897705
1720610588992,3.5
1720610593991,3.559999942779541
1720610602991,3.5299999713897705
1720610609014,3.5899999141693115
1720610617991,3.609999895095825
1720610622991,3.490000009536743
1720610628992,3.630000114440918
1720610638991,3.5899999141693115
1720610643994,3.5799999237060547
1720610652992,3.6600000858306885
1720610657991,3.640000104904175
1720610663991,3.640000104904175
1720610668992,3.6600000858306885
1720610678993,3.609999895095825
1720610683992,3.619999885559082
1720610688991,3.5899999141693115
1720610693993,3.619999885559082
1720610698993,3.640000104904175
1720610708992,3.5899999141693115
1720610713993,3.559999942779541
1720610722991,3.609999895095825
1720610728994,3.619999885559082
1720610733992,3.5899999141693115
1720610738992,3.5299999713897705
1720610743993,3.4100000858306885
1720610748996,3.4200000762939453
1720610753993,3.430000066757202
1720610758993,3.430000066757202
1720610763992,3.4200000762939453
1720610768993,3.4000000953674316
1720610773991,3.430000066757202
1720610778992,3.380000114440918
1720610783993,3.4200000762939453
1720610788991,3.4600000381469727
1720610793991,3.5299999713897705
1720610798992,3.5199999809265137
1720610803993,3.559999942779541
1720610808992,3.5999999046325684
1720610813992,3.5899999141693115
1720610818994,3.549999952316284
1720610823992,3.5
1720610828992,3.5199999809265137
1720610833995,3.5199999809265137
1720610838993,3.509999990463257
1720610843992,3.509999990463257
1720610848994,3.5
1720610853991,3.5
1720610858991,3.5
1720610863992,3.440000057220459
1720610868998,3.440000057220459
1720610877989,3.4800000190734863
1720610883997,3.4000000953674316
1720610893989,3.430000066757202
1720610898992,3.380000114440918
1720610907991,3.359999895095825
1720610912999,3.309999942779541
1720610917990,3.299999952316284
1720610922988,3.319999933242798
1720610927994,3.319999933242798
1720610933996,3.359999895095825
1720610938998,3.2899999618530273
1720610943994,3.2799999713897705
1720610952994,3.259999990463257
1720610957995,3.2200000286102295
1720610964990,3.2699999809265137
1720610973996,3.25
1720610982994,3.200000047683716
1720610987992,3.2100000381469727
1720610992991,3.299999952316284
1720610998994,3.299999952316284
1720611007993,3.2799999713897705
1720611013996,3.319999933242798
1720611022990,3.2799999713897705
1720611027992,3.2799999713897705
1720611033999,3.259999990463257
1720611042988,3.309999942779541
1720611047996,3.319999933242798
1720611052989,3.309999942779541
1720611057991,3.25
1720611062991,3.2300000190734863
1720611068996,3.2100000381469727
1720611073994,3.2300000190734863
1720611078992,3.190000057220459
1720611084034,3.180000066757202
1720611089001,3.069999933242798
1720611097993,3.049999952316284
1720611103999,3.059999942779541
1720611112991,2.0799999237060547
1720611117995,1.309999942779541
1720611122988,0.0
